
strategic_region={
	id=27
	name="STRATEGICREGION_27"
	provinces={
		433 434 435 436 437 438 439 440 442 443 444 445 446 447 448 451 452 453 455 456 457 458 459 460 461 462 463 464 465 466 467 469 470 472 473 474 477 478 479 480 481 483 484 485 486 487 488 489 490 491 492 493 494 497 499 501 502 505 506 507 508 509 510 511 512 513 514 515 516 517 518 519 520 521 522 523 524 526 527 528 529 531 532 534 536 537 538 539 540 541 542 543 544 545 546 547 548 549 551 553 554 555 558 559 560 561 562 563 564 565 566 567 568 569 570 573 575 576 577 578 579 580 581 583 584 585 586 587 588 589 590 591 592 593 595 596 597 598 599 600 601 602 603 604 605 607 608 609 610 612 613 615 616 617 618 619 620 621 622 624 625 627 628 629 630 631 632 633 634 635 636 637 638 639 641 642 643 647 648 649 650 651 652 653 654 655 656 657 658 659 660 661 662 663 665 668 669 670 671 672 673 674 675 676 677 678 680 681 683 684 685 686 687 689 690 691 692 693 694 695 696 697 698 699 700 701 702 703 704 706 708 709 710 711 712 715 716 717 719 720 721 723 724 725 727 728 729 730 731 733 734 735 736 737 738 739 740 742 744 745 746 747 748 750 751 752 753 755 756 757 758 759 760 761 762 763 764 765 766 767 768 769 770 771 772 773 774 775 776 777 778 779 780 781 783 784 785 786 787 788 789 790 791 792 793 794 795 796 797 798 799 800 802 803 805 806 808 809 810 811 813 814 815 816 817 818 819 820 821 822 823 824 825 826 828 829 830 831 832 833 834 835 836 837 838 839 840 841 842 843 844 845 846 847 848 851 852 853 854 855 856 857 858 859 862 863 864 865 866 868 869 870 871 873 874 875 876 877 878 879 880 881 884 885 886 889 890 891 892 893 894 895 896 897 898 900 901 903 904 905 907 909 910 911 913 914 915 916 917 918 919 921 922 923 924 925 927 929 930 931 932 933 934 935 936 937 938 939 940 941 942 943 944 945 947 949 951 952 953 954 955 956 957 959 960 961 962 963 964 965 966 967 968 969 970 971 972 973 974 975 976 977 978 979 980 981 983 984 985 986 988 989 990 992 993 994 995 996 998 999 1000 1002 1003 1004 1005 1006 1007 1008 1011 1012 1013 1014 1015 1016 1017 1018 1019 1020 1021 1022 1023 1024 1026 1028 1029 1030 1031 1032 1033 1034 1035 1036 1037 1038 1039 1040 1042 1043 1046 1047 1048 1049 1052 1053 1054 1056 1057 1059 1060 1061 1064 1065 1066 1067 1068 1069 1070 1071 1073 1074 1079 1080 1081 1082 1083 1084 1085 1086 1087 1088 1089 1090 1091 1092 1093 1094 1095 1096 1097 1098 1099 1101 1102 1103 1104 1106 1108 1109 1110 1111 1113 1114 1115 1116 1117 1118 1119 1120 1122 1123 1124 1125 1126 1127 1128 1129 1130 1131 1132 1133 1135 1137 1138 1140 1142 1143 1145 1146 1148 1150 1152 1153 1154 1155 1156 1157 1158 1159 1160 1161 1162 1163 1165 1166 1167 1168 1169 1170 1175 1176 1177 1178 1180 1181 1182 1183 1185 1186 1187 1188 1189 1190 1191 1192 1193 1197 1198 1199 1200 1201 1202 1203 1204 1205 1207 1210 1211 1212 1213 1215 1217 1218 1219 1220 1221 1224 1225 1226 1227 1229 1230 1231 1232 1233 1234 1235 1237 1239 1240 1241 1242 1243 1244 1247 1248 1249 1250 1252 1253 1254 1255 1256 1260 1262 1263 1264 1265 1266 1267 1268 1269 1270 1271 1272 1274 1275 1277 1279 1280 1282 1283 1285 1287 1288 1289 1290 1291 1292 1293 1294 1295 1296 1298 1299 1301 1302 1303 1304 1305 1306 1307 1308 1309 1310 1311 1313 1315 1316 1317 1318 1319 1322 1323 1325 1326 1327 1328 1329 1330 1331 1333 1334 1335 1336 1337 1338 1339 1340 1341 1342 1343 1344 1345 1348 1350 1351 1353 1356 1357 1358 1359 1360 1361 1363 1364 1365 1366 1367 1368 1369 1370 1372 1374 1375 1376 1377 1378 1379 1380 1381 1382 1383 1384 1385 1386 1387 1388 1389 1390 1391 1392 1393 1394 1395 1396 1397 1398 1401 1402 1403 1404 1405 1406 1407 1408 1410 1411 1413 1415 1416 1417 1418 1419 1420 1421 1423 1424 1425 1426 1427 1428 1429 1430 1431 1435 1436 1437 1438 1439 1440 1441 1447 1450 1451 1453 1454 1455 1458 1459 1461 1462 1463 1464 1466 1467 1468 1469 1470 1471 1472 1473 1475 1476 1477 1478 1479 1480 1482 1483 1485 1490 1492 1493 1494 1495 1498 1499 1500 1503 1504 1506 1507 1508 1509 1510 1511 1512 1514 1515 1516 1517 1518 1519 1520 1522 1526 1527 1528 1530 1531 1533 1534 1536 1537 1538 1541 1542 1544 1545 1548 1549 1550 1551 1552 1553 1554 1555 1556 1560 1561 1562 1563 1564 1565 1566 1567 1568 1569 1571 1573 1574 1575 1576 1577 1578 1579 1580 1581 1583 1584 1585 1587 1588 1589 1590 1592 1593 1594 1595 1596 1597 1598 1599 1603 1604 1605 1607 1608 1609 1610 1611 1612 1613 1615 1616 1617 1620 1622 1623 1624 1625 1626 1627 1628 1630 1631 1632 1634 1635 1636 1637 1639 1640 1641 1642 1643 1644 1645 1647 1648 1649 1650 1651 1652 1653 1654 1655 1656 1657 1658 1659 1660 1661 1662 1663 1664 1666 1670 1671 1672 1673 1674 1676 1678 1679 1680 1683 1684 1685 1686 1687 1691 1692 1693 1694 1695 1696 1697 1699 1700 1703 1705 1706 1707 1708 1710 1711 1713 1714 1715 1716 1717 1718 1719 1720 1721 1722 1723 1724 1725 1726 1727 1728 1729 1730 1731 
	}
	weather={
		period={
			between={ 0.0 30.0 }
			temperature={ -10.0 35.0 }
			temperature_day_night={ 2.0 -2.0 }
			no_phenomenon=1.500
			rain_light=0.250
			rain_heavy=0.100
			snow=0.000
			blizzard=0.000
			mud=0.000
			sandstorm=0.000
			min_snow_level=0.000
		}
	}
}
